package cv

var GaussSig1 = [][]float64{
	{0.003765,	0.015019,	0.023792,	0.015019,	0.003765},
	{0.015019,	0.059912,	0.094907,	0.059912,	0.015019},
	{0.023792,	0.094907,	0.150342,	0.094907,	0.023792},
	{0.015019,	0.059912,	0.094907,	0.059912,	0.015019},
	{0.003765,	0.015019,	0.023792,	0.015019,	0.003765},
}

var GaussSig2 = [][]float64{
	{0.023528,	0.033969,	0.038393,	0.033969,	0.023528},
	{0.033969,	0.049045,	0.055432,	0.049045,	0.033969},
	{0.038393,	0.055432,	0.062651,	0.055432,	0.038393},
	{0.033969,	0.049045,	0.055432,	0.049045,	0.033969},
	{0.023528,	0.033969,	0.038393,	0.033969,	0.023528},
}

var GaussSig4 = [][]float64{
	{0.035228,	0.038671,	0.039892,	0.038671,	0.035228},
	{0.038671,	0.042452,	0.043792,	0.042452,	0.038671},
	{0.039892,	0.043792,	0.045175,	0.043792,	0.039892},
	{0.038671,	0.042452,	0.043792,	0.042452,	0.038671},
	{0.035228,	0.038671,	0.039892,	0.038671,	0.035228},
}

var GaussSig6 = [][]float64{
	{0.037823,	0.039428,	0.039978,	0.039428,	0.037823},
	{0.039428,	0.041102,	0.041675,	0.041102,	0.039428},
	{0.039978,	0.041675,	0.042257,	0.041675,	0.039978},
	{0.039428,	0.041102,	0.041675,	0.041102,	0.039428},
	{0.037823,	0.039428,	0.039978,	0.039428,	0.037823},
}

var GaussSig8 = [][]float64{
	{0.038764,	0.039682,	0.039993,	0.039682,	0.038764},
	{0.039682,	0.040622,	0.04094,	0.040622,	0.039682},
	{0.039993,	0.04094,	0.041261,	0.04094,	0.039993},
	{0.039682,	0.040622,	0.04094,	0.040622,	0.039682},
	{0.038764,	0.039682,	0.039993,	0.039682,	0.038764},
}

var GaussSig12 = [][]float64{
	{0.039447,	0.03986,	0.039999,	0.03986,	0.039447},
	{0.03986,	0.040277,	0.040417,	0.040277,	0.03986},
	{0.039999,	0.040417,	0.040558,	0.040417,	0.039999},
	{0.03986,	0.040277,	0.040417,	0.040277,	0.03986},
	{0.039447,	0.03986,	0.039999,	0.03986,	0.039447},
}

var GaussSig16 = [][]float64{
	{0.039688,	0.039921,	0.039999,	0.039921,	0.039688},
	{0.039921,	0.040156,	0.040235,	0.040156,	0.039921},
	{0.039999,	0.040235,	0.040313,	0.040235,	0.039999},
	{0.039921,	0.040156,	0.040235,	0.040156,	0.039921},
	{0.039688,	0.039921,	0.039999,	0.039921,	0.039688},
}

var GaussPow2 = [][][]float64{
	GaussSig1, GaussSig2, GaussSig4, GaussSig8, GaussSig16,
}